1100
900
800
800
800
800
800
800
900
900
860

67600
67800
57300
78900
64500
68300
65000
65200
68900
65900
66940

1557600
1574400
1557300
1606200
1620900
1569100
1591900
1761600
1564900
1619900
1.60238e+06

201219700
193850600
210898200
214550100
196351100
181926900
168456100
172560500
170977800
166903700
1.87769e+08

4412798500
4324018300
4276528100
4234837100
4245932000
4306118200
4231845200
4232445700
4248726600
4263137600
4.27764e+09

800
500
400
400
400
500
400
500
500
500
490

27300
27800
27500
24500
28200
24500
29900
28300
28900
26700
27360

654700
644300
646900
689100
683500
627000
618200
606600
653200
645300
646880

64860800
65087900
65461300
63349500
64579000
65600200
64045600
64722700
64541600
65571800
6.4782e+07

1642620100
1617595500
1678549800
1627578600
1627688700
1651152600
1624958200
1619755500
1621680300
1666111700
1.63777e+09

900
800
1200
1100
800
700
800
1000
1200
1100
960

44400
39000
39300
38700
38700
39100
39000
38900
38800
38500
39440

904300
903800
899300
903800
903400
1062100
903200
905700
906200
908800
920060

90286500
89825600
89160700
89168200
89920100
89300700
89802400
89974600
90399200
89166600
8.97005e+07

2259277400
2266628500
2261880900
2258693600
2273799100
2267785200
2271978900
2263375500
2267690900
2277761600
2.26689e+09

800
700
600
700
700
600
700
1200
700
700
740

11100
10700
10500
10700
11600
11000
11000
11100
10800
10500
10900

73800
70600
72400
72000
75800
74100
72400
76900
75300
77300
74060

1060000
990000
1019200
1024100
1041000
1068800
992600
1023600
1001800
1043000
1.02641e+06

5940100
6170700
6564200
5984700
6020700
6077500
5956100
6088100
6000900
5995700
6.07987e+06

